# start_time end_time freq1 (MHz) freq2 (MHz) bw1 (kHz) bw2 (kHz) peak_elevation name
1460937601.0000119209 1460937661.0007057190 149.970000 399.920000 40.000 40.000 12.062 COSMOS_2407
1460943421.0673725605 1460943911.0730440617 149.970000 399.920000 40.000 40.000 18.081 COSMOS_2407
1460949581.1386690140 1460950201.1458446980 149.970000 399.920000 40.000 40.000 27.033 COSMOS_2407
1460955791.2105441093 1460956501.2187619209 149.970000 399.920000 40.000 40.000 44.474 COSMOS_2407
1460962061.2831134796 1460962821.2919101715 149.970000 399.920000 40.000 40.000 74.272 COSMOS_2407
1460968401.3564932346 1460969171.3654050827 149.970000 399.920000 40.000 40.000 74.623 COSMOS_2407
1460974771.4302198887 1460975531.4390161037 149.970000 399.920000 40.000 40.000 59.046 COSMOS_2407
1460981151.5040619373 1460981901.5127432346 149.970000 399.920000 40.000 40.000 59.027 COSMOS_2407
1460987521.5777893066 1460988281.5865857601 149.970000 399.920000 40.000 40.000 74.582 COSMOS_2407
1460993861.6511690617 1460994611.6598494053 149.970000 399.920000 40.000 40.000 73.769 COSMOS_2407
1461000181.7243170738 1461000891.7325346470 149.970000 399.920000 40.000 40.000 43.937 COSMOS_2407
1461006491.7973496914 1461007101.8044097424 149.970000 399.920000 40.000 40.000 26.651 COSMOS_2407
1461012771.8700351715 1461013251.8755903244 149.970000 399.920000 40.000 40.000 17.859 COSMOS_2407
1461019021.9423725605 1461019401.9467706680 149.970000 399.920000 40.000 40.000 14.342 COSMOS_2407
1460937601.0000119209 1460937751.0017476082 149.970000 399.920000 40.000 40.000 13.502 COSMOS_2414
1460943571.0691087246 1460943871.0725810528 149.970000 399.920000 40.000 40.000 12.859 COSMOS_2414
1460949651.1394793987 1460950071.1443405151 149.970000 399.920000 40.000 40.000 16.155 COSMOS_2414
1460955751.2100813389 1460956311.2165622711 149.970000 399.920000 40.000 40.000 24.424 COSMOS_2414
1460961901.2812619209 1460962571.2890160084 149.970000 399.920000 40.000 40.000 40.837 COSMOS_2414
1460968121.3532526493 1460968841.3615856171 149.970000 399.920000 40.000 40.000 70.434 COSMOS_2414
1460974401.4259369373 1460975121.4342710972 149.970000 399.920000 40.000 40.000 75.772 COSMOS_2414
1460980721.4990854263 1460981431.5073029995 149.970000 399.920000 40.000 40.000 58.061 COSMOS_2414
1460987051.5723497868 1460987751.5804512501 149.970000 399.920000 40.000 40.000 56.651 COSMOS_2414
1460993361.6453816891 1460994071.6535995007 149.970000 399.920000 40.000 40.000 71.176 COSMOS_2414
1460999651.7181828022 1461000361.7264003754 149.970000 399.920000 40.000 40.000 76.950 COSMOS_2414
1461005921.7907526493 1461006591.7985074520 149.970000 399.920000 40.000 40.000 44.948 COSMOS_2414
1461012181.8632059097 1461012761.8699190617 149.970000 399.920000 40.000 40.000 26.509 COSMOS_2414
1461018421.9354283810 1461018861.9405207634 149.970000 399.920000 40.000 40.000 17.141 COSMOS_2414
1460941701.0474653244 1460942471.0563776493 149.940000 399.840000 40.000 40.000 88.967 COSMOS_2463
1460948051.1209607124 1460948801.1296412945 149.940000 399.840000 40.000 40.000 56.221 COSMOS_2463
1460954381.1942245960 1460955061.2020947933 149.940000 399.840000 40.000 40.000 33.558 COSMOS_2463
1460960701.2673726082 1460961261.2738544941 149.940000 399.840000 40.000 40.000 21.462 COSMOS_2463
1460966991.3401737213 1460967421.3451504707 149.940000 399.840000 40.000 40.000 15.738 COSMOS_2463
1460973221.4122800827 1460973611.4167940617 149.940000 399.840000 40.000 40.000 14.573 COSMOS_2463
1460979391.4836921692 1460979871.4892475605 149.940000 399.840000 40.000 40.000 17.675 COSMOS_2463
1460985561.5551044941 1460986171.5621643066 149.940000 399.840000 40.000 40.000 25.934 COSMOS_2463
1460991781.6270949841 1460992501.6354281902 149.940000 399.840000 40.000 40.000 42.298 COSMOS_2463
1460998071.6998960972 1460998841.7088077068 149.940000 399.840000 40.000 40.000 70.979 COSMOS_2463
1461004431.7735071182 1461005201.7824187279 149.940000 399.840000 40.000 40.000 77.009 COSMOS_2463
1461010821.8474655151 1461011581.8562614918 149.940000 399.840000 40.000 40.000 60.082 COSMOS_2463
1461017221.9215393066 1461017981.9303357601 149.940000 399.840000 40.000 40.000 58.860 COSMOS_2463
1461023611.9954979420 1461024382.0044095516 149.940000 399.840000 40.000 40.000 72.930 COSMOS_2463
1460941621.0465393066 1460942111.0522108078 150.012000 400.032000 40.000 40.000 62.738 CASSIOPE
1460947771.1177198887 1460948221.1229283810 150.012000 400.032000 40.000 40.000 30.796 CASSIOPE
1460953931.1890161037 1460954231.1924886703 150.012000 400.032000 40.000 40.000 15.551 CASSIOPE
1460990181.6085765362 1460990401.6111226082 150.012000 400.032000 40.000 40.000 13.692 CASSIOPE
1460996211.6783678532 1460996571.6825351715 150.012000 400.032000 40.000 40.000 30.662 CASSIOPE
1461002321.7490854263 1461002731.7538309097 150.012000 400.032000 40.000 40.000 72.645 CASSIOPE
1461008471.8202660084 1461008911.8253588676 150.012000 400.032000 40.000 40.000 64.119 CASSIOPE
1461014641.8916783333 1461015101.8970022202 150.012000 400.032000 40.000 40.000 55.424 CASSIOPE
1461020811.9630904198 1461021291.9686455727 150.012000 400.032000 40.000 40.000 71.784 CASSIOPE
1460938671.0123960972 1460939201.0185303688 150.012000 400.032000 40.000 40.000 24.423 DMSP_F15
1460944731.0825345516 1460945361.0898263454 150.012000 400.032000 40.000 40.000 42.559 DMSP_F15
1460950791.1526737213 1460951441.1601967812 150.012000 400.032000 40.000 40.000 72.792 DMSP_F15
1460956831.2225809097 1460957481.2301039696 150.012000 400.032000 40.000 40.000 77.506 DMSP_F15
1460962851.2922565937 1460963501.2997803688 150.012000 400.032000 40.000 40.000 64.744 DMSP_F15
1460968861.3618173599 1460969511.3693404198 150.012000 400.032000 40.000 40.000 68.689 DMSP_F15
1460974891.4316086769 1460975551.4392476082 150.012000 400.032000 40.000 40.000 88.494 DMSP_F15
1460980951.5017476082 1460981591.5091550350 150.012000 400.032000 40.000 40.000 56.550 DMSP_F15
1460987061.5724654198 1460987651.5792937279 150.012000 400.032000 40.000 40.000 32.304 DMSP_F15
1460993251.6441087723 1460993711.6494328976 150.012000 400.032000 40.000 40.000 18.899 DMSP_F15
1460999531.7167940140 1460999761.7194557190 150.012000 400.032000 40.000 40.000 11.815 DMSP_F15
1461018061.9312613010 1461018381.9349648952 150.012000 400.032000 40.000 40.000 13.632 DMSP_F15
